id,EAP,HPL,MWS
id02310,0.3073223518266395,0.20327186890861954,0.489405779264741
id24541,0.41432382681618046,0.3094859416603786,0.27619023152344097
id00134,0.3971110492877068,0.4004533764838369,0.20243557422845623
id27757,0.42927358326909487,0.41082606604932986,0.15990035068157527
id04081,0.535967968135958,0.21638527751302922,0.24764675435101274
id27337,0.42349400681751503,0.3385363984187168,0.23796959476376817
id24265,0.4053422348975888,0.41394067064212253,0.18071709446028866
id25917,0.29234998732201073,0.31482276097460465,0.39282725170338467
id04951,0.5866157909392129,0.27341125658780746,0.1399729524729797
id14549,0.4683124210953656,0.2087364027192316,0.32295117618540287
id22505,0.30829026988576935,0.3045009807868327,0.387208749327398
id24002,0.2898596281506865,0.477297327321532,0.23284304452778146
id18982,0.4182420171271118,0.3309918551543571,0.25076612771853124
id15181,0.3036666209560616,0.5217997864198067,0.17453359262413157
id21888,0.33647226213989334,0.31309837682719044,0.3504293610329162
id12035,0.21570574548412078,0.2224407055186527,0.5618535489972266
id17991,0.34915096824408803,0.25511337615258833,0.3957356556033236
id10707,0.6596625316546548,0.15638321271571803,0.18395425562962728
id07101,0.3068275829655427,0.3189594260774434,0.3742129909570138
id00345,0.3651038001988493,0.47409403770555153,0.16080216209559917
id05912,0.4581410594894612,0.26543628741103387,0.27642265309950503
id13443,0.5636892307086052,0.21506700058576558,0.22124376870562934
id09248,0.26810038923470525,0.29513137923878585,0.4367682315265089
id17542,0.5555555555555556,0.18518518518518517,0.25925925925925924
id06995,0.3719673374340358,0.2539835402791854,0.3740491222867787
id25159,0.5473120394473908,0.1670584899409733,0.28562947061163585
id25729,0.41741398542174624,0.36527468145512065,0.21731133312313308
id26949,0.4592255633863345,0.2542929483766771,0.2864814882369884
id27191,0.41694695579164326,0.2553213304782468,0.32773171373011006
id07668,0.4212186910638739,0.20781174075163716,0.37096956818448895
id02230,0.3231051504632829,0.34666218601971643,0.3302326635170007
id15553,0.507804025962265,0.23395670758359174,0.2582392664541433
id25688,0.2479237114712297,0.529100747716224,0.22297554081254645
id17545,0.6380393125067952,0.16624133737622665,0.19571935011697814
id13929,0.21580774180961101,0.3253580295864133,0.4588342286039757
id12880,0.3611040548629375,0.3157500531138737,0.3231458920231888
id19282,0.42557401909935466,0.24441647730553018,0.3300095035951151
id14690,0.17775321728536653,0.20319527736131934,0.6190515053533141
id17975,0.3024312413783172,0.4250463403311462,0.27252241829053664
id08037,0.4290554162930705,0.2119873289014386,0.3589572548054909
id15412,0.3130817740860704,0.20040657344592064,0.4865116524680089
id25032,0.33503401360544216,0.3001700680272109,0.3647959183673469
id27165,0.5419662692588997,0.19567247538983087,0.2623612553512695
id03327,0.38418486469516117,0.39224784596603135,0.2235672893388074
id18515,0.4142197171188775,0.27463941509539663,0.31114086778572586
id21003,0.359423527054341,0.2376873132567387,0.4028891596889203
id23855,0.3460613473824428,0.2739038711105698,0.38003478150698744
id20724,0.4451754385964912,0.21021303258145363,0.34461152882205515
id13303,0.431245294026782,0.2580203923145667,0.31073431365865123
id16521,0.239532193343279,0.32358609094560914,0.43688171571111195
id20775,0.5138824048783488,0.2947331778378535,0.19138441728379768
id13029,0.4743235808678966,0.2186845691168536,0.30699185001524987
id14660,0.4680479789739396,0.3133080390881417,0.21864398193791867
id11028,0.2251428919281609,0.10533433419750379,0.6695227738743352
id14180,0.5211856833278119,0.25965844603129973,0.2191558706408882
id25860,0.5394612047498981,0.2253973083315764,0.23514148691852554
id11910,0.3653194386166522,0.2819157622563196,0.35276479912702824
id08065,0.48170140485662377,0.2642672658246429,0.25403132931873335
id22674,0.3300642737849281,0.23335899720575662,0.4365767290093152
id25018,0.32119281804151717,0.2206550222201778,0.4581521597383049
id10892,0.36095194425763644,0.3713966757257042,0.26765138001665945
id10217,0.37829777379844476,0.4270844552188459,0.1946177709827094
id12996,0.4823529411764706,0.21176470588235294,0.3058823529411765
id18262,0.3599433111574845,0.3239997231524157,0.3160569656900999
id08606,0.268156499819364,0.49773184252962005,0.2341116576510159
id17233,0.7170634920634921,0.06468253968253967,0.21825396825396826
id00101,0.4837931795022932,0.22756837737724434,0.2886384431204625
id12225,0.6321484071484071,0.2195998445998446,0.14825174825174825
id01364,0.3362385743706935,0.42958072688923177,0.23418069874007483
id24973,0.45697345865328437,0.2632990139657742,0.27972752738094137
id25363,0.41702261511437816,0.23295978681514867,0.3500175980704733
id10061,0.38207883851409846,0.24786997991892992,0.37005118156697164
id17673,0.29225221788610534,0.44062383523127907,0.26712394688261554
id13249,0.6582781456953642,0.12764900662251655,0.2140728476821192
id10107,0.3209329549642793,0.26069678252327116,0.41837026251244946
id04403,0.4343089154893279,0.2506102120533157,0.3150808724573565
id25728,0.4476576965831418,0.296557018461324,0.25578528495553415
id16184,0.44800157999741713,0.23521190282291116,0.31678651717967166
id03438,0.19722701903872056,0.0767757958195581,0.7259971851417213
id22923,0.25863811903680145,0.6843032207582412,0.05705866020495735
id08610,0.5041475542068287,0.18863270488936565,0.30721974090380577
id25355,0.29960270369719216,0.2717187341337174,0.4286785621690904
id16916,0.4050876806584748,0.3586888249395248,0.23622349440200038
id12793,0.318720733965207,0.4583266860039176,0.22295258003087548
id11859,0.4033666481464961,0.25234855496755826,0.3442847968859457
id02434,0.5018004234375311,0.2633083827768121,0.23489119378565682
id27703,0.26940592502945093,0.24427655768595238,0.48631751728459666
id25212,0.33118596293161795,0.45804979068102303,0.2107642463873591
id11308,0.2690291215345551,0.29091239026528065,0.4400584882001642
id26094,0.521451979565793,0.257798586460253,0.22074943397395397
id22080,0.5392677673486562,0.38411126803397866,0.07662096461736512
id03545,0.5794535398705448,0.2853811075521428,0.13516535257731224
id23725,0.27947909550355793,0.31134642527625106,0.40917447922019096
id12009,0.5393187991372665,0.27057969978699103,0.1901015010757424
id24241,0.3436254927657514,0.2731409112679541,0.3832335959662945
id03596,0.32001481889921135,0.4662824108724049,0.21370277022838371
id10749,0.36667656037570934,0.36347228589998504,0.2698511537243057
id22794,0.29182291328346716,0.29775891764933454,0.41041816906719836
id15482,0.35013055270406435,0.3246975978120084,0.3251718494839273
id04833,0.4032951444697533,0.3557647939597345,0.24094006157051226
id00397,0.35677695338612797,0.19897685103075372,0.44424619558311834
id14691,0.3125931071189573,0.2307802734505777,0.45662661943046506
id05193,0.2864411731780287,0.23432372593327946,0.47923510088869187
id19541,0.46172663639635647,0.20915898261872468,0.32911438098491896
id22166,0.25614461388156146,0.2718815635172543,0.4719738226011842
id20744,0.3844252006362772,0.20968842402240223,0.40588637534132055
id10392,0.2894949121715682,0.2729035563925538,0.43760153143587804
id00770,0.4818753236244963,0.27007265172227496,0.24805202465322881
id06018,0.3052495512320888,0.4674080071586958,0.22734244160921535
id15678,0.40175421245304116,0.15722953165343823,0.44101625589352056
id08305,0.6519919517102616,0.26198524480214624,0.08602280348759221
id08903,0.3848226067717593,0.3068910750266683,0.3082863182015724
id14752,0.39604976242471285,0.38056986105335167,0.22338037652193546
id12468,0.3414155310370601,0.41484668446686485,0.24373778449607506
id05085,0.367186981248258,0.3623767958458875,0.2704362229058545
id21993,0.3444655125455496,0.21393154972087722,0.44160293773357323
id15503,0.4775963602956357,0.36049496263264375,0.16190867707172055
id03021,0.27663694568240355,0.4548587225446913,0.2685043317729051
id16123,0.6819152617635511,0.18354958120694073,0.13453515702950825
id19383,0.5447232365219326,0.24360162537478763,0.21167513810327984
id04186,0.5814154169509056,0.2180832917007741,0.20050129134832043
id17954,0.32096747459160374,0.23465596016686888,0.44437656524152747
id12030,0.3277675495716646,0.22454636734719377,0.4476860830811417
id13020,0.4864360217771319,0.3720922579558139,0.14147172026705418
id25327,0.2885859484278976,0.34340188930779025,0.3680121622643121
id16344,0.27762112598521654,0.29761659658216405,0.42476227743261946
id12303,0.3426129446541501,0.33539185634379615,0.32199519900205376
id15017,0.45109262504950925,0.3364161503771634,0.21249122457332723
id22308,0.402872096085201,0.23391594495484425,0.36321195895995473
id06536,0.25562953818284173,0.24604176580266746,0.4983286960144908
id19797,0.2947340638018604,0.35219140558123607,0.3530745306169035
id06332,0.42835725676604053,0.32774551342044095,0.2438972298135185
id22941,0.3866708864816544,0.28796272861472194,0.3253663849036237
id13547,0.3089400574787772,0.28635151496332645,0.4047084275578964
id06928,0.3740092518446652,0.1343800898696188,0.491610658285716
id12521,0.447497481615974,0.33041211365692785,0.22209040472709812
id25716,0.35880624060815,0.25215239105453896,0.38904136833731107
id27116,0.34555659983291565,0.16543964076858814,0.4890037593984963
id19941,0.2453503778087315,0.49299315075048294,0.2616564714407855
id05711,0.2866241832639682,0.15506694619597844,0.5583088705400533
id02097,0.29522497078288085,0.257929724751579,0.4468453044655401
id03563,0.29756059705007537,0.4631619254297214,0.23927747752020329
id02295,0.3055012702755521,0.3860660543287082,0.3084326753957397
id08179,0.47850833611407095,0.27585179097470136,0.24563987291122763
id05332,0.1887322966662534,0.6033710866703268,0.20789661666341971
id15697,0.36470581229172505,0.2976128924097605,0.33768129529851426
id17026,0.25138113266995255,0.17341858452106904,0.5752002828089785
id04243,0.46881522864178343,0.349748759769834,0.1814360115883826
id13175,0.4637554795524611,0.28504433670971063,0.25120018373782826
id05387,0.38500592711522175,0.2701295831053738,0.34486448977940454
id19989,0.41961498388592094,0.29520598937128945,0.28517902674278967
id25173,0.39169965584313815,0.28574554051397766,0.32255480364288425
id08925,0.3995795893418958,0.3655481370325835,0.2348722736255207
id03034,0.267138229178285,0.4300184672388288,0.30284330358288625
id13272,0.30480285368783594,0.4352073471120921,0.259989799200072
id07956,0.45385577129054333,0.2399269375652813,0.3062172911441754
id02648,0.39326402425817636,0.16658544509421702,0.44015053064760673
id01778,0.3736451057734627,0.12423075356973722,0.5021241406568
id12846,0.3051138208524153,0.1951107029564578,0.49977547619112694
id19001,0.3517307175705905,0.24033868472024794,0.4079305977091615
id05763,0.49580084112711265,0.25354738392292775,0.25065177494995966
id15590,0.32395780052771306,0.17788029422182444,0.49816190525046256
id04912,0.42198201263619894,0.27684807357285646,0.3011699137909446
id21201,0.49877910067833536,0.2496757337643747,0.25154516555728995
id13215,0.6420696417785247,0.18358168898594796,0.17434866923552728
id15612,0.3293346590987774,0.4107742496084224,0.25989109129280014
id18501,0.32750069562063494,0.3242739060336477,0.34822539834571736
id07223,0.32825815197928326,0.42560928144326166,0.24613256657745514
id06707,0.4106881183540261,0.24039180357231718,0.3489200780736567
id05238,0.28276389368807686,0.45816505181791545,0.25907105449400764
id00935,0.28255212581822975,0.26121313974184884,0.45623473443992135
id00110,0.3787461584837601,0.2774867773002147,0.3437670642160252
id17476,0.49063626978698793,0.2658674962383457,0.24349623397466627
id15170,0.49745819589087903,0.25412795854758397,0.24841384556153698
id13397,0.3587407524008265,0.26620290327116813,0.37505634432800533
id24283,0.41670005430444673,0.2828644734948478,0.3004354722007055
id15234,0.5736051862261808,0.25165354115050537,0.1747412726233137
id16884,0.38962206595180915,0.3094141603289506,0.3009637737192402
id07831,0.34657283704659037,0.4109951350431743,0.24243202791023544
id16038,0.5325533410219639,0.2569016103001961,0.21054504867783996
id03629,0.3902369774488051,0.2873058504030773,0.3224571721481177
id21019,0.48862330711451524,0.2482233213940531,0.26315337149143164
id21835,0.36537030709300833,0.29266469568217773,0.34196499722481394
id04480,0.48474410962537434,0.39048804216788635,0.12476784820673928
id20838,0.4130854298278286,0.33115115141058676,0.2557634187615847
id24195,0.42830817353461176,0.2906500747994016,0.28104175166598666
id05448,0.44881050356526125,0.2919591508959368,0.2592303455388018
id15957,0.17910792910792908,0.6213138713138714,0.19957819957819956
id19956,0.2513696313575317,0.1702894063527846,0.5783409622896838
id15104,0.27960709374146336,0.3091464428816631,0.41124646337687354
id17559,0.3905856780406168,0.29466481607793793,0.3147495058814453
id16839,0.3797046695562552,0.29939590449622266,0.3208994259475221
id14493,0.40139895319256397,0.21081619829233458,0.3877848485151014
id08833,0.42482996678650703,0.24048527468215744,0.3346847585313355
id15723,0.24269005847953215,0.25204678362573096,0.5052631578947369
id02716,0.4935113363643347,0.2546742794901556,0.2518143841455098
id06689,0.2789674035181971,0.48611848005918806,0.23491411642261484
id18837,0.3460144338833263,0.3044265366191661,0.34955902949750767
id04466,0.5033646470277907,0.2699586876657142,0.22667666530649513
id00686,0.4650738007232461,0.26696183599151474,0.2679643632852391
id09010,0.3345280499444883,0.5116792439575948,0.15379270609791673
id23353,0.43837043089360156,0.29286874913766214,0.2687608199687364
id00066,0.48758190857567707,0.23490624873525592,0.2775118426890671
id15724,0.28762872069672546,0.45945162587187144,0.2529196534314031
id23486,0.3474800888224068,0.16171500998805088,0.4908049011895424
id22258,0.2970159811147535,0.2506945136329525,0.452289505252294
id02292,0.37062861674350106,0.4587022023421241,0.17066918091437489
id16356,0.3657875074480616,0.22471987424647127,0.40949261830546724
id00235,0.5046872809259223,0.19854260532992948,0.29677011374414825
id25522,0.3314419494128082,0.1936075293819254,0.4749505212052664
id04204,0.2639079122363115,0.37843248919038075,0.3576595985733077
id22016,0.35249042145593873,0.12452107279693486,0.5229885057471265
id06480,0.3640975746737394,0.3717206579808695,0.2641817673453911
id08718,0.4550887461558214,0.28342900470984944,0.2614822491343292
id05251,0.2738790788791264,0.48899563788698797,0.23712528323388568
id03359,0.5079782971274778,0.2716698476414364,0.22035185523108589
id16117,0.37281304185078856,0.21893337654481176,0.4082535816043997
id17000,0.2640846243404927,0.5904906831665172,0.1454246924929902
id01730,0.37324379824575754,0.3788652962961252,0.24789090545811726
id00630,0.3677167574256113,0.3720987200019672,0.26018452257242153
id18175,0.3088291799866532,0.19610170091382287,0.49506911909952384
id00907,0.48777672818442247,0.2636554377409157,0.24856783407466182
id18251,0.3216215128454667,0.4862882351644486,0.19209025199008484
id25861,0.44351432880844643,0.28954248366013075,0.2669431875314228
id00398,0.41056051659135906,0.2877657045373484,0.30167377887129254
id27573,0.5738210242840776,0.1682894353340472,0.25788954038187534
id10022,0.29618146980776244,0.40706086369184025,0.2967576665003973
id15901,0.3290040939280901,0.17450784226656757,0.4964880638053424
id00451,0.3058198457499862,0.2500557325859257,0.44412442166408805
id23129,0.2963938798417819,0.4334323972709342,0.270173722887284
id26498,0.3793248643670252,0.30975654848199324,0.3109185871509816
id14741,0.3394006029707784,0.3501594578261245,0.3104399392030971
id18453,0.3300528219088767,0.21371654285144936,0.45623063523967394
id08309,0.5111717675980295,0.22048282935699987,0.2683454030449707
id00320,0.502924850130725,0.24683796503439215,0.25023718483488294
id07688,0.30344016478671104,0.22634242471214325,0.4702174105011458
id01556,0.34233866692965315,0.1982826126346656,0.4593787204356813
id00178,0.3868050549178403,0.24563141472268019,0.3675635303594796
id18902,0.2965851593010591,0.22986514736477046,0.4735496933341705
id27002,0.4731185907936353,0.29221952703187337,0.2346618821744913
id21418,0.6499312785961749,0.21600993595670126,0.13405878544712369
id23018,0.5381185054582287,0.1714043215665679,0.29047717297520353
id07032,0.35935830625389503,0.31946363775192943,0.32117805599417554
id16195,0.5135704430053144,0.19702538298519912,0.2894041740094865
id11202,0.2965607602986899,0.4258152338468668,0.2776240058544433
id09578,0.40733188904464557,0.23049266291906792,0.3621754480362866
id26984,0.5426725656479233,0.11102724687645482,0.34630018747562186
id19856,0.3036221758592109,0.411596769292551,0.284781054848238
id12086,0.4554271875867966,0.2235914112050465,0.3209814012081569
id12052,0.17136363636363636,0.25181818181818183,0.5768181818181818
id17728,0.33069744243683735,0.256588366445018,0.41271419111814467
id24608,0.45388372299303115,0.23534352017060003,0.3107727568363688
id21097,0.33160007104835465,0.2937281199187766,0.37467180903286873
id20179,0.3112457684175248,0.18501328810891918,0.5037409434735559
id15144,0.33474492423964897,0.4473187613024408,0.21793631445791026
id00206,0.4392530736185874,0.2864834008000254,0.2742635255813873
id22285,0.38698880998736435,0.16398312392016298,0.44902806609247276
id06417,0.2625458018503792,0.4537121133433323,0.2837420848062885
id00215,0.32581709975022155,0.5141798725410882,0.16000302770869027
id04201,0.3267864644159282,0.21579911271270072,0.45741442287137113
id21771,0.49395837722101416,0.2986153511073978,0.20742627167158803
id12451,0.26922528098358833,0.37108505774496264,0.359689661271449
id14250,0.29513590217542024,0.396013652913709,0.30885044491087077
id03433,0.31916071640327887,0.4370476097901888,0.24379167380653238
id03303,0.2523342286028853,0.2269524116539042,0.5207133597432104
id25901,0.38080656726385637,0.34625535538078966,0.27293807735535397
id06945,0.4637121113821564,0.19649234022233572,0.3397955483955079
id05664,0.2996247412008281,0.3948089199447895,0.30556633885438234
id05741,0.49233848229412214,0.2314980720397453,0.2761634456661326
id10652,0.41014531761522655,0.2659262658652704,0.32392841651950305
id16300,0.46526717124161815,0.24509113951280861,0.28964168924557326
id12319,0.34420030124774165,0.32118978521428115,0.33460991353797725
id07500,0.32778076053012756,0.4738363347305725,0.19838290473930004
id12478,0.2804889418690606,0.35871164949620743,0.3607994086347321
id03076,0.30745966676409436,0.14514358766706292,0.5473967455688427
id00969,0.2841818044544845,0.49228413309818586,0.22353406244732965
id23636,0.2733866692947878,0.3719362108083221,0.35467711989689005
id09791,0.4278438868037458,0.23029791348723347,0.3418581997090207
id05680,0.31683057325190117,0.34911836696183085,0.33405105978626787
id03672,0.3595555423437817,0.39532316341779605,0.2451212942384222
id04286,0.2794564782500832,0.39231539790828135,0.3282281238416354
id23883,0.2507869104144838,0.3549637034416609,0.3942493861438553
id11914,0.4641076383389356,0.19988728155852387,0.3360050801025406
id20974,0.3980864393767093,0.30665413511902256,0.29525942550426815
id26125,0.22937433741478946,0.24699592905402903,0.5236297335311815
id15543,0.3762410829039831,0.24169884674411554,0.3820600703519013
id19471,0.6301020413033079,0.15458725261632628,0.21531070608036587
id11503,0.4633337196594941,0.3107740558670863,0.22589222447341964
id09321,0.32095016513551844,0.3377989046145204,0.34125093024996117
id25560,0.24048524379745354,0.24342926745877894,0.5160854887437676
id06726,0.36477101048826643,0.3716883623812409,0.2635406271304927
id05709,0.49181178567652867,0.2520312099148292,0.25615700440864225
id09788,0.30690126143923024,0.341979390192784,0.35111934836798575
id05289,0.6677185943361554,0.16306394234174995,0.16921746332209464
id11815,0.2641111030012935,0.5217897668300706,0.21409913016863588
id22422,0.5997200263504612,0.2324604743083004,0.16781949934123847
id25954,0.41297967240729855,0.21241975802492824,0.37460056956777327
id13601,0.36072818347408514,0.41920226858751447,0.2200695479384004
id05677,0.4463334884724883,0.17388731885651693,0.3797791926709947
id10498,0.40656015225171593,0.38720828893385645,0.20623155881442765
id02665,0.3775796875618568,0.37820037712346805,0.24421993531467517
id10114,0.30782094792307024,0.390461328432853,0.3017177236440768
id26314,0.42377711274302704,0.30852439889582106,0.267698488361152
id21240,0.3471815466493396,0.21240820861043513,0.44041024474022533
id15569,0.40135260165127,0.34508370247630743,0.2535636958724226
id25928,0.37278898013768663,0.24276881534327177,0.38444220451904165
id22706,0.33429318711707123,0.4787094344687693,0.18699737841415953
id20877,0.31385753211647144,0.429887685065572,0.2562547828179565
id04318,0.3372498539293018,0.26668857727139933,0.3960615687992988
id18299,0.24472160360761727,0.5221254382664227,0.23315295812596
id08126,0.32676723170472194,0.2044298376726311,0.46880293062264705
id14293,0.3914816225753709,0.22762575707109212,0.38089262035353705
id12759,0.607139857380752,0.20290791946341918,0.1899522231558288
id11983,0.35670133145501676,0.24478334023839665,0.39851532830658665
id05580,0.33764679653385826,0.3761373586700398,0.28621584479610196
id25846,0.3423116142023559,0.3544916977077825,0.3031966880898616
id01939,0.3765014511816455,0.24881326868691375,0.3746852801314407
id26327,0.2613000682511197,0.3821252517340554,0.3565746800148249
id11068,0.3089618944650156,0.22280654804675973,0.4682315574882247
id08404,0.4824827549430903,0.19854295617764334,0.31897428887926643
id27189,0.4087948998354013,0.3680545236196064,0.2231505765449923
id15119,0.36007337500504294,0.364256323361282,0.27567030163367495
id26525,0.5637417671031116,0.2156165962888652,0.2206416366080232
id03618,0.4523435423210971,0.3168981526909558,0.23075830498794703
id27220,0.5554220172488059,0.23380585333369341,0.21077212941750068
id18777,0.24837767683322517,0.16401687216093447,0.5876054510058404
id20213,0.48204734966930085,0.29006805073878245,0.22788459959191668
id20403,0.4465793787920656,0.2771577805342703,0.27626284067366397
id03777,0.31099349247946034,0.27363835352480065,0.4153681539957391
id10595,0.2587915773348796,0.4759417340918109,0.2652666885733096
id13816,0.3482055165309064,0.17369781806697557,0.4780966654021181
id05667,0.3637609991385736,0.2587830779965822,0.3774559228648443
id24629,0.39646731545723324,0.22089068810027554,0.3826419964424911
id20398,0.3041757015122297,0.3037611940823336,0.3920631044054368
id14108,0.3006739217929514,0.19217227210978646,0.5071538060972621
id06196,0.3012889215366962,0.4831355868450399,0.21557549161826406
id02800,0.3494489669173747,0.35992515732532887,0.2906258757572964
id18732,0.33306765413524375,0.44993204282340726,0.21700030304134904
id11915,0.3260369861888465,0.40343003576191966,0.2705329780492339
id09739,0.45773821439801227,0.26242126606771665,0.2798405195342711
id24672,0.5166245361344385,0.2565821309746541,0.2267933328909074
id00414,0.2567223965366172,0.31787691485786795,0.42540068860551483
id16307,0.555892588306556,0.2393926561166879,0.20471475557675622
id14043,0.3386691664298807,0.26757293068534976,0.39375790288476953
id00517,0.211384826464768,0.2446246388644613,0.5439905346707707
id09744,0.4812510599536082,0.33004506608328765,0.18870387396310426
id19257,0.5784082195768558,0.21437406285083593,0.2072177175723082
id15437,0.4336337261510956,0.34235327554980205,0.2240129982991024
id16352,0.2724974630720512,0.23343740215775055,0.4940651347701982
id18849,0.40039082505993157,0.2776852847594415,0.3219238901806269
id19434,0.2145710851487384,0.5388355241414533,0.24659339070980824
id17928,0.3797325938937013,0.19778360926200883,0.4224837968442899
id16896,0.31149414154777727,0.184594826404763,0.5039110320474598
id02135,0.47047443977591036,0.2713220704948646,0.258203489729225
id15075,0.5138222495450921,0.25279854395258455,0.23337920650232336
id27486,0.32693410821154056,0.3936118676066359,0.2794540241818234
id19422,0.4677651511062405,0.27828178544178817,0.2539530634519713
id09603,0.25649953398159187,0.49530193992598065,0.24819852609242737
id02133,0.41904631400491643,0.3506604524039131,0.23029323359117054
id03441,0.46547141232828565,0.2506186560156712,0.28390993165604317
id02398,0.3966891886549474,0.44897865704011175,0.15433215430494093
id05152,0.3483055944089219,0.21913337917543055,0.43256102641564764
id17838,0.341000761390301,0.13494505310483212,0.5240541855048669
id25060,0.4272431840521987,0.3205628208080856,0.2521939951397157
id09998,0.30425934219037665,0.25436401069550885,0.44137664711411456
id01828,0.3100419734936753,0.4220339764262666,0.267924050080058
id25377,0.3775367497911127,0.21473882128401095,0.40772442892487637
id22175,0.32552473076178084,0.47310705029635214,0.20136821894186707
id02974,0.4063553454381279,0.2365680212376791,0.357076633324193
id26955,0.5965812797679816,0.22890618001778062,0.17451254021423782
id21091,0.4769314179895117,0.27067922106458475,0.2523893609459035
id12802,0.6557289396322385,0.19070739845938467,0.1535636619083768
id07432,0.24928356960042822,0.518217079996051,0.23249935040352068
id18749,0.36013707606020584,0.3104169938206735,0.32944593011912066
id15030,0.28537711654695574,0.3352331859687063,0.37938969748433793
id17155,0.3415266936570558,0.38193991082026274,0.2765333955226814
id08128,0.22508188223183642,0.4726670724811367,0.3022510452870269
id25706,0.20362848298335307,0.47821131408116385,0.3181602029354831
id15645,0.44101972252020927,0.2783569283089155,0.28062334917087517
id04943,0.36019411530276896,0.3901037217305681,0.2497021629666629
id27566,0.3305229499053183,0.2687906232655106,0.40068642682917116
id11765,0.3852653145924613,0.29169272708514876,0.32304195832238997
id13783,0.2726542980828695,0.438700061842919,0.2886456400742115
id00492,0.2639149345702972,0.26938993532108035,0.46669513010862235
id27636,0.30508039378520996,0.2805391637874506,0.4143804424273394
id04273,0.46813994328070746,0.2593410908416153,0.2725189658776773
id02537,0.2854111405835544,0.30223569533914363,0.412353164077302
id24349,0.4071888023027625,0.3414369432231558,0.25137425447408174
id00023,0.24260396387476146,0.47277022762194437,0.2846258085032941
id23025,0.3525020093395572,0.395723158183536,0.25177483247690674
id08722,0.3918906518504366,0.2956949674429241,0.31241438070663935
id02420,0.4576481981239036,0.31782415456518326,0.22452764731091318
id10811,0.513321326395237,0.21925392732881085,0.26742474627595214
id04019,0.293810406785599,0.2925917658458248,0.41359782736857614
id18334,0.5578085040474103,0.23826873201856383,0.20392276393402578
id16781,0.5357142857142858,0.4285714285714286,0.03571428571428572
id08773,0.36094541568143923,0.41354393585741084,0.22551064846114993
id19214,0.40841850500285376,0.33180886375141716,0.25977263124572897
id09589,0.18928985442586652,0.4599949999037959,0.3507151456703376
id24246,0.414985162250633,0.2714108820716776,0.31360395567768934
id23577,0.5434348328583489,0.30409860654838655,0.1524665605932646
id09305,0.5161652529715863,0.19067341804699778,0.29316132898141595
id16460,0.3933484431998863,0.26898470210227426,0.3376668546978394
id21115,0.36904323854564197,0.3185275971030949,0.31242916435126317
id25996,0.4222139256920256,0.20202650097116878,0.3757595733368057
id02551,0.13691496335679434,0.1650332144137277,0.6980518222294779
id19352,0.2898302446694045,0.1431281439348617,0.5670416113957338
id03806,0.35600408109122683,0.19277007495772172,0.4512258439510515
id26544,0.4501713811326333,0.27446077965546917,0.27536783921189756
id18761,0.47901853075378625,0.24480661291137473,0.2761748563348391
id24148,0.4610727802974871,0.35060795428890595,0.18831926541360694
id16095,0.3203286962575354,0.415335136464666,0.2643361672777985
id18442,0.3911815622241288,0.28158766406230074,0.3272307737135704
id22596,0.33630476132216747,0.17413348498557654,0.4895617536922559
id23002,0.24032652364775778,0.22314608359980412,0.5365273927524381
id04797,0.6270595403523814,0.17103379669484622,0.20190666295277224
id06610,0.34533141343845875,0.24311661305518278,0.4115519735063585
id16173,0.41876430205949655,0.39530892448512583,0.18592677345537756
id18292,0.35591450936952157,0.2538659789360672,0.3902195116944112
id27328,0.5416267441592004,0.20034125401844882,0.2580320018223508
id01695,0.39036528507042106,0.37176302324230937,0.23787169168726946
id05761,0.4815049031381144,0.19045432274249238,0.32804077411939325
id16354,0.515710541082766,0.2333277090501677,0.2509617498670662
id12207,0.35084707619219424,0.25134960085089286,0.39780332295691295
id05665,0.3657512045737345,0.23791770493659806,0.3963310904896674
id01911,0.5222088675213675,0.3442174145299145,0.13357371794871795
id19153,0.3070027205204647,0.24923360645759943,0.4437636730219358
id10295,0.37295300217400307,0.3273702010391651,0.29967679678683184
id23038,0.502498746142791,0.26490260463699244,0.2325986492202165
id23783,0.42191591628136715,0.4486862786711242,0.12939780504750867
id27879,0.470194349586882,0.2841318038760052,0.24567384653711274
id19190,0.3567446075532419,0.48678744145345,0.15646795099330818
id05065,0.5715320450019914,0.2308895107750249,0.19757844422298368
id21296,0.3057358686320765,0.471932805205208,0.2223313261627156
id13262,0.32776461294762455,0.28775249273076636,0.38448289432160904
id10333,0.43748257177080657,0.24178536065562561,0.32073206757356787
id16677,0.37192566344530387,0.2828272578018611,0.345247078752835
id01392,0.40224978890036267,0.2105138604235359,0.3872363506761014
id27874,0.591583490693283,0.24224440248179122,0.1661721068249258
id02294,0.036885245901639344,0.75,0.21311475409836064
id18298,0.26889567553524985,0.2687145857328086,0.46238973873194156
id06997,0.5178974896584557,0.24228756030679235,0.23981495003475187
id05243,0.39550210294672966,0.35286371863484245,0.2516341784184278
id00860,0.2900243891803544,0.42187701933478816,0.2880985914848574
id26681,0.4574887964598554,0.32823114619393623,0.2142800573462083
id06020,0.31722514278464115,0.18500660235649383,0.497768254858865
id27683,0.37466375258990936,0.2724031651824594,0.35293308222763126
id17655,0.3057620858243714,0.5101167701324812,0.18412114404314728
id08817,0.30906618729564117,0.2659386579601822,0.4249951547441766
id11512,0.24673473701423998,0.2638137205795127,0.48945154240624733
id00478,0.3043620479502122,0.22368942375086226,0.4719485282989255
id02116,0.476775421052705,0.23535126180551028,0.2878733171417847
id06746,0.5165634306624949,0.2664709615776938,0.2169656077598112
id03863,0.47494697773064687,0.36346765641569456,0.16158536585365854
id01802,0.30360995497330917,0.4040168446547906,0.29237320037190023
id11682,0.4366170601777223,0.20582767274735492,0.35755526707492274
id04033,0.3004797400575667,0.38534825803834494,0.31417200190408845
id09286,0.3610569708686224,0.3084804158690838,0.33046261326229376
id12904,0.6262087482767164,0.2006039604665398,0.17318729125674379
id07420,0.34306188211495775,0.2597780963561042,0.3971600215289381
id22398,0.26886497028859124,0.47795255077141613,0.2531824789399926
id00424,0.3364325026710732,0.23538077026975732,0.4281867270591695
id20960,0.394389435128357,0.3258267496856932,0.27978381518594975
id10267,0.4544645674693009,0.3434142827742334,0.20212114975646567
id19330,0.4086152599222814,0.19898461629151673,0.39240012378620187
id00994,0.35261658903419085,0.5179343443419154,0.12944906662389377
id10785,0.4733452593917711,0.2504227125157358,0.27623202809249325
id00955,0.27274282048891113,0.5077750504686745,0.21948212904241432
id09757,0.2358372492715272,0.6035073404311396,0.1606554102973331
id10030,0.27156862745098037,0.14215686274509806,0.5862745098039216
id22952,0.34298539958470614,0.3177703165216186,0.3392442838936753
id21955,0.28318102706177334,0.3176015745431318,0.3992173983950949
id07674,0.43263212078906554,0.2728206584212667,0.2945472207896677
id13760,0.32484324955977034,0.47241236891156635,0.20274438152866325
id18166,0.44014237215298513,0.26495655297680953,0.2949010748702054
id23498,0.5834101341419377,0.3023791236661267,0.11421074219193562
id05296,0.5075018896948323,0.23592564210038522,0.25657246820478247
id26709,0.4734430090247155,0.2573172109897446,0.26923977998553983
id02853,0.5724381861000857,0.2507694822324126,0.17679233166750177
id06800,0.35843938311666007,0.28411680560351205,0.3574438112798278
id14758,0.2997950318941269,0.43946333664146947,0.26074163146440366
id12356,0.5219408744656161,0.28596362465127595,0.192095500883108
id21492,0.5193394492275335,0.28809042423548537,0.19257012653698116
id27540,0.3953359383843177,0.22079012251805852,0.3838739390976238
id07376,0.3554189519581061,0.3690969681662851,0.2754840798756088
id15201,0.45402832472078763,0.32648708252740705,0.21948459275180524
id23388,0.3560640454572316,0.39074594999494683,0.25319000454782165
id13923,0.3135427908737257,0.4179737399375864,0.26848346918868776
id00794,0.32321301208871395,0.48192979333569924,0.19485719457558678
id23910,0.40719940070000427,0.2855843645736074,0.30721623472638826
id02556,0.20054855770201255,0.31818129823640634,0.48127014406158114
id22151,0.2542851991337498,0.5346507734669407,0.21106402739930938
id11698,0.29578387089564767,0.38605017044453044,0.3181659586598219
id11627,0.3378720238969047,0.3114355026225739,0.35069247348052135
id06340,0.3813521823427606,0.3096217774362035,0.3090260402210359
id05123,0.5285267331239117,0.24638216449351635,0.22509110238257185
id26620,0.24448555640504552,0.22795809684478904,0.5275563467501654
id04002,0.30004130226999143,0.3112638274244144,0.38869487030559424
id26554,0.386573265108738,0.33505243040911586,0.2783743044821461
id18012,0.317777701100782,0.27671912017536665,0.4055031787238514
id12964,0.257781058259178,0.2338698038885817,0.5083491378522402
id18965,0.29859638234523533,0.42320699551187785,0.2781966221428869
id19082,0.32789319347762896,0.2310186642988495,0.44108814222352155
id26742,0.3362631760944699,0.20076921342685855,0.4629676104786717
id15442,0.28718579530273375,0.5054606756196908,0.20735352907757543
id16647,0.3766875872339365,0.2793877891181895,0.343924623647874
id11544,0.32067898970084113,0.19361345722379253,0.4857075530753663
id20581,0.33103280037598665,0.3028963974758367,0.36607080214817667
id13192,0.3858310932362897,0.3135365072210562,0.3006323995426541
id15814,0.3618298356484323,0.2965722530488678,0.34159791130269995
id26279,0.30399378662486304,0.5313802267508921,0.1646259866242447
id00240,0.7694968553459121,0.09213836477987422,0.13836477987421386
id22836,0.5062906438252027,0.253112440477762,0.2405969156970353
id15085,0.32924141799163803,0.3335762227050856,0.3371823593032763
id17495,0.3963556004150694,0.13954162057371436,0.46410277901121627
id26762,0.33442084272621003,0.3301740059983271,0.33540515127546283
id13685,0.4363541481299565,0.19391968570443288,0.36972616616561066
id16560,0.2942342494595608,0.5191906168590695,0.18657513368136966
id17184,0.25104967825505137,0.4954081371900966,0.25354218455485206
id21635,0.5022724863409473,0.24643776573447393,0.2512897479245787
id26751,0.3183840389814715,0.41730259113981216,0.2643133698787163
id12351,0.4862292620371798,0.23308037980945284,0.2806903581533674
id14872,0.47147335423197495,0.28390804597701147,0.24461859979101358
id18372,0.46324375600810375,0.2911149951789171,0.2456412488129791
id26851,0.4573814141282099,0.2692684254924055,0.27335016037938464
id22659,0.4260616589338307,0.34889450348004986,0.22504383758611957
id04102,0.35329436718924145,0.24379212368317707,0.4029135091275815
id02353,0.31473277056385485,0.43959672801554084,0.24567050142060431
id26721,0.5474350887767924,0.24921764612324804,0.20334726509995954
id11171,0.5886106694930224,0.15169581346051936,0.25969351704645827
id13562,0.2875375375375375,0.44738969738969736,0.26507276507276506
id26425,0.4845828191416427,0.21403265851795267,0.3013845223404047
id26394,0.36765595541822166,0.27457450305429015,0.3577695415274881
id22187,0.2492941840767928,0.6104523495827844,0.14025346634042288
id00422,0.4892228388958876,0.2281984469239311,0.28257871418018127
id22667,0.33102037127695144,0.5176775807975136,0.15130204792553492
id00911,0.48924839420956767,0.3005615657470705,0.2101900400433619
id17291,0.37434443856816096,0.26759610881465956,0.35805945261717953
id01915,0.34448916203091356,0.30379510395224,0.35171573401684647
id01434,0.3360094451003542,0.2141086186540732,0.4498819362455726
id01584,0.4821753838147281,0.16263335935467083,0.3551912568306011
id09266,0.48900980980126496,0.27571404027527163,0.2352761499234635
id17494,0.26962846816446207,0.5152704680658831,0.2151010637696549
id24919,0.21314523184601927,0.33694225721784776,0.449912510936133
id21043,0.4042125957214301,0.19929426721839055,0.3964931370601793
id17796,0.27515883787933487,0.5236235559563531,0.201217606164312
id02166,0.339510256187662,0.2775467451583669,0.3829429986539711
id17503,0.46709965005539045,0.21982611427577872,0.3130742356688308
id21203,0.3273358585858586,0.2635732323232324,0.4090909090909091
id25626,0.528182283619314,0.21936092674036908,0.252456789640317
id09836,0.4837281829193594,0.34721484375896144,0.1690569733216792
id24202,0.27011188159552774,0.2852664974813073,0.44462162092316504
id27260,0.4362220478203775,0.2861207315021748,0.27765722067744775
id23167,0.3209015502279023,0.2506053087121948,0.428493141059903
id10393,0.297045352395593,0.4972994310061007,0.20565521659830638
id01171,0.4767324640529054,0.30456779047996074,0.21869974546713386
id06380,0.4604967792818671,0.2874593683023819,0.25204385241575106
id22686,0.3223128845565787,0.15269740591280714,0.5249897095306142
id26250,0.31355878537408405,0.19772668759416476,0.48871452703175117
id09315,0.35275938371239396,0.3934524014882338,0.2537882147993723
id00886,0.23380755576749856,0.4419029715789061,0.3242894726535953
id03101,0.4589967244774221,0.26972675726472795,0.27127651825785
id12367,0.42641152519007236,0.2534369916338443,0.3201514831760834
id10770,0.44445092068097386,0.2404914935832489,0.31505758573577725
id14949,0.30788322288549036,0.5070770848040703,0.18503969231043926
id14141,0.33953572673601345,0.3997750260047608,0.26068924725922576
id25417,0.33480835903651757,0.3545737047971201,0.3106179361663624
id26873,0.3729858900609326,0.2563818203927825,0.3706322895462849
id10818,0.34310349993647515,0.24560114693614443,0.41129535312738047
id15146,0.523641166709784,0.21774138214095817,0.25861745114925777
id23328,0.38094102054110207,0.2912491367258954,0.32780984273300245
id16765,0.39690615877729574,0.31222156584524424,0.29087227537745997
id24383,0.4472098944241649,0.2446176056876404,0.3081724998881947
id21304,0.3799920945973338,0.32763086228612553,0.2923770431165407
id12551,0.2964369539289725,0.4668449250074152,0.2367181210636124
id23274,0.3007227476470898,0.277802089766099,0.42147516258681117
id08117,0.4273469180606142,0.18940980546654754,0.38324327647283835
id23961,0.4726028311806553,0.27580316266895133,0.2515940061503934
id13865,0.26036786424335295,0.4910381677158488,0.24859396804079825
id22807,0.3886729406512455,0.2175666673030991,0.3937603920456553
id08951,0.33017921842861836,0.24051005160236194,0.4293107299690197
id18684,0.585990802145489,0.22217211038067158,0.19183708747383946
id25179,0.30867766222324294,0.3860170030945791,0.3053053346821778
id27033,0.4253252036104067,0.26335645244315264,0.3113183439464406
id13977,0.3082699422589845,0.3650600438006086,0.32667001394040696
id19337,0.2892810291267217,0.34705719058261597,0.36366178029066226
id25764,0.3057443305434225,0.4241887345892299,0.2700669348673477
id16106,0.3456901243979343,0.291040262560631,0.36326961304143485
id05468,0.30203032835842886,0.21466385868911977,0.4833058129524514
id05241,0.4422387656872945,0.19849910372030447,0.35926213059240114
id10215,0.33618390060120684,0.37771787621515657,0.28609822318363654
id23457,0.27758108450217067,0.22513361296708226,0.49728530253074704
id02200,0.45645936197944614,0.26537755464526536,0.27816308337528844
id13714,0.35399232336266817,0.3720990007110574,0.27390867592627444
id20332,0.2671347120155204,0.2113553576376908,0.5215099303467887
id18573,0.3239358354611984,0.3181809652283732,0.3578831993104284
id08569,0.4249493634232239,0.2602787496737412,0.3147718869030349
id22767,0.41925571534935996,0.31459245481340836,0.2661518298372317
id25390,0.36012195266230396,0.40365592374668446,0.23622212359101152
id09288,0.6143827905783865,0.1662011183152739,0.2194160911063396
id12381,0.5517136838283146,0.2214305955290781,0.22685572064260723
id02895,0.38192523871261097,0.27664886818885637,0.34142589309853266
id25270,0.32318348784118794,0.2128019919325346,0.4640145202262774
