id,EAP,HPL,MWS
id02310,0.12877724107209385,0.1095132627215572,0.7617094962063489
id24541,0.9129508519867179,0.0002,0.08684914801328207
id00134,0.3971110492877068,0.4004533764838369,0.2024355742284562
id27757,0.42927358326909487,0.41082606604932986,0.15990035068157527
id04081,0.5359679681359579,0.21638527751302916,0.2476467543510127
id27337,0.650589356096921,0.2971850826248738,0.05222556127820509
id24265,0.40534223489758875,0.4139406706421225,0.18071709446028866
id25917,0.29234998732201073,0.31482276097460465,0.3928272517033846
id04951,0.5866157909392129,0.27341125658780746,0.1399729524729797
id14549,0.4683124210953656,0.20873640271923158,0.32295117618540287
id22505,0.3082902698857693,0.30450098078683263,0.38720874932739796
id24002,0.05,0.9,0.05
id18982,0.15654093055770457,0.12388466698967937,0.7195744024526161
id15181,0.05,0.9,0.05
id21888,0.9,0.05,0.05
id12035,0.05,0.05,0.9
id17991,0.34915096824408803,0.25511337615258833,0.3957356556033236
id10707,0.9450763178583418,0.037564425785891004,0.017359256355767225
id07101,0.30682758296554274,0.31895942607744343,0.3742129909570139
id00345,0.3651038001988493,0.47409403770555153,0.16080216209559917
id05912,0.45814105948946116,0.2654362874110338,0.276422653099505
id13443,0.5636892307086051,0.21506700058576556,0.2212437687056293
id09248,0.26810038923470525,0.29513137923878585,0.43676823152650884
id17542,0.05,0.9,0.05
id06995,0.3719673374340358,0.2539835402791854,0.3740491222867787
id25159,0.5473120394473909,0.16705848994097333,0.2856294706116359
id25729,0.4174139854217463,0.3652746814551207,0.21731133312313314
id26949,0.4592255633863346,0.25429294837667715,0.28648148823698844
id27191,0.4169469557916432,0.25532133047824673,0.32773171373011
id07668,0.4212186910638739,0.20781174075163716,0.37096956818448895
id02230,0.32310515046328286,0.3466621860197164,0.33023266351700065
id15553,0.507804025962265,0.23395670758359174,0.2582392664541433
id25688,0.24792371147122969,0.5291007477162238,0.2229755408125464
id17545,0.6380393125067951,0.16624133737622662,0.1957193501169781
id13929,0.215807741809611,0.32535802958641324,0.45883422860397566
id12880,0.3611040548629375,0.3157500531138737,0.3231458920231888
id19282,0.4255740190993547,0.2444164773055302,0.33000950359511516
id14690,0.17775321728536653,0.20319527736131932,0.6190515053533141
id17975,0.3024312413783172,0.4250463403311462,0.27252241829053664
id08037,0.42905541629307054,0.21198732890143862,0.35895725480549096
id15412,0.3130817740860704,0.20040657344592064,0.48651165246800887
id25032,0.33503401360544216,0.3001700680272109,0.3647959183673469
id27165,0.9,0.05,0.05
id03327,0.5517518592652392,0.4023797213136447,0.04586841942111608
id18515,0.41421971711887756,0.2746394150953967,0.3111408677857259
id21003,0.359423527054341,0.2376873132567387,0.4028891596889203
id23855,0.0002,0.8032105813799298,0.19658941862007012
id20724,0.4451754385964912,0.2102130325814536,0.34461152882205515
id13303,0.17584535636652085,0.0002,0.8239546436334791
id16521,0.23953219334327897,0.32358609094560914,0.4368817157111119
id20775,0.9,0.05,0.05
id13029,0.9,0.05,0.05
id14660,0.4680479789739397,0.31330803908814175,0.2186439819379187
id11028,0.05,0.05,0.9
id14180,0.9,0.05,0.05
id25860,0.9576536251015131,0.030036281371615046,0.012310093526871837
id11910,0.36531943861665217,0.28191576225631954,0.3527647991270282
id08065,0.48170140485662377,0.2642672658246429,0.25403132931873335
id22674,0.4552000601029638,0.08398668902148618,0.4608132508755499
id25018,0.3211928180415172,0.22065502222017783,0.458152159738305
id10892,0.05,0.9,0.05
id10217,0.2668307622008278,0.6534298699708595,0.07973936782831267
id12996,0.48235294117647054,0.21176470588235294,0.3058823529411765
id18262,0.35994331115748446,0.32399972315241565,0.31605696569009983
id08606,0.268156499819364,0.49773184252962005,0.23411165765101588
id17233,0.7170634920634921,0.06468253968253967,0.21825396825396826
id00101,0.48379317950229317,0.22756837737724428,0.28863844312046244
id12225,0.6321484071484071,0.2195998445998446,0.14825174825174825
id01364,0.33623857437069343,0.4295807268892317,0.2341806987400748
id24973,0.7922737919132894,0.07132693658527083,0.13639927150143982
id25363,0.4170226151143781,0.23295978681514865,0.3500175980704732
id10061,0.3820788385140984,0.2478699799189299,0.3700511815669716
id17673,0.2922522178861054,0.4406238352312791,0.2671239468826156
id13249,0.6582781456953642,0.12764900662251655,0.2140728476821192
id10107,0.02855841333715028,0.0002,0.9712415866628498
id04403,0.6972676407489907,0.1341152845159692,0.1686170747350401
id25728,0.4476576965831419,0.29655701846132404,0.2557852849555342
id16184,0.4480015799974172,0.23521190282291118,0.3167865171796717
id03438,0.19722701903872056,0.0767757958195581,0.7259971851417213
id22923,0.25863811903680145,0.6843032207582412,0.05705866020495735
id08610,0.5041475542068286,0.18863270488936562,0.3072197409038057
id25355,0.2996027036971922,0.27171873413371744,0.42867856216909045
id16916,0.4050876806584748,0.3586888249395248,0.23622349440200036
id12793,0.21855235663180533,0.628565177340088,0.15288246602810676
id11859,0.05,0.9,0.05
id02434,0.9782838023662407,0.021516197633759376,0.0002
id27703,0.05,0.05,0.9
id25212,0.49758031132218405,0.34409151195696064,0.15832817672085525
id11308,0.26902912153455516,0.2909123902652807,0.44005848820016424
id26094,0.521451979565793,0.257798586460253,0.22074943397395397
id22080,0.5392677673486562,0.38411126803397866,0.07662096461736512
id03545,0.5794535398705449,0.28538110755214285,0.13516535257731227
id23725,0.27947909550355793,0.31134642527625106,0.40917447922019096
id12009,0.5393187991372665,0.27057969978699103,0.1901015010757424
id24241,0.3436254927657514,0.2731409112679541,0.3832335959662945
id03596,0.3200148188992114,0.46628241087240496,0.21370277022838377
id10749,0.2689285027408369,0.5331568373757863,0.19791465988337667
id22794,0.2918229132834671,0.2977589176493345,0.4104181690671983
id15482,0.3501305527040643,0.32469759781200835,0.32517184948392724
id04833,0.4740054886219258,0.3136061777108938,0.21238833366718035
id00397,0.35677695338612797,0.19897685103075372,0.44424619558311834
id14691,0.07801039108123038,0.1151865410702208,0.8068030678485488
id05193,0.2864411731780287,0.23432372593327946,0.4792351008886918
id19541,0.4617266363963564,0.20915898261872465,0.3291143809849189
id22166,0.25614461388156146,0.2718815635172543,0.4719738226011842
id20744,0.05,0.05,0.9
id10392,0.28949491217156814,0.27290355639255376,0.437601531435878
id00770,0.4818753236244962,0.2700726517222749,0.2480520246532288
id06018,0.30524955123208886,0.46740800715869585,0.2273424416092154
id15678,0.4017542124530412,0.15722953165343825,0.4410162558935206
id08305,0.6519919517102616,0.26198524480214624,0.08602280348759221
id08903,0.05,0.05,0.9
id14752,0.4171407949117104,0.5567174093762332,0.026141795712056264
id12468,0.34141553103706007,0.4148466844668648,0.24373778449607503
id05085,0.367186981248258,0.3623767958458875,0.2704362229058545
id21993,0.3444655125455496,0.21393154972087722,0.44160293773357323
id15503,0.47759636029563574,0.3604949626326438,0.16190867707172057
id03021,0.11699219059591488,0.7694549725582487,0.11355283684583642
id16123,0.681915261763551,0.1835495812069407,0.13453515702950822
id19383,0.9569103412207287,0.032123638326796426,0.01096602045247483
id04186,0.9,0.05,0.05
id17954,0.05,0.05,0.9
id12030,0.32776754957166454,0.22454636734719374,0.4476860830811416
id13020,0.48643602177713186,0.3720922579558139,0.14147172026705418
id25327,0.2885859484278976,0.34340188930779025,0.3680121622643121
id16344,0.27762112598521654,0.29761659658216405,0.4247622774326194
id12303,0.3426129446541501,0.33539185634379615,0.32199519900205376
id15017,0.7370065483622315,0.19987098962864788,0.06312246200912057
id22308,0.23335641490104211,0.1354916034971753,0.6311519816017827
id06536,0.25562953818284173,0.24604176580266746,0.4983286960144908
id19797,0.2947340638018604,0.35219140558123607,0.3530745306169035
id06332,0.4283572567660405,0.3277455134204409,0.24389722981351847
id22941,0.3866708864816544,0.28796272861472194,0.3253663849036237
id13547,0.3089400574787772,0.28635151496332645,0.4047084275578964
id06928,0.05,0.05,0.9
id12521,0.447497481615974,0.33041211365692785,0.22209040472709812
id25716,0.35880624060815,0.25215239105453896,0.389041368337311
id27116,0.05,0.05,0.9
id19941,0.2453503778087315,0.49299315075048294,0.2616564714407855
id05711,0.0002,0.07784226555086735,0.9219577344491326
id02097,0.03063050495405191,0.10704403073831871,0.8623254643076294
id03563,0.29756059705007537,0.46316192542972134,0.23927747752020329
id02295,0.3055012702755521,0.3860660543287082,0.3084326753957397
id08179,0.647285273171639,0.18657439003672865,0.1661403367916323
id05332,0.1887322966662534,0.6033710866703268,0.2078966166634197
id15697,0.3647058122917251,0.2976128924097606,0.3376812952985143
id17026,0.2513811326699525,0.173418584521069,0.5752002828089784
id04243,0.4688152286417834,0.34974875976983394,0.18143601158838257
id13175,0.6994439402968468,0.16258210495809927,0.13797395474505397
id05387,0.5461396287386374,0.12772831086341563,0.32613206039794695
id19989,0.41961498388592094,0.29520598937128945,0.28517902674278967
id25173,0.3916996558431381,0.2857455405139776,0.3225548036428842
id08925,0.05,0.9,0.05
id03034,0.05,0.9,0.05
id13272,0.05,0.9,0.05
id07956,0.4538557712905433,0.23992693756528127,0.3062172911441754
id02648,0.05,0.05,0.9
id01778,0.37364510577346277,0.12423075356973723,0.5021241406568001
id12846,0.3051138208524153,0.19511070295645777,0.49977547619112694
id19001,0.9,0.05,0.05
id05763,0.4958008411271126,0.2535473839229277,0.2506517749499596
id15590,0.0002,0.002426037425468654,0.9973739625745314
id04912,0.4219820126361989,0.27684807357285646,0.3011699137909446
id21201,0.49877910067833536,0.2496757337643747,0.25154516555728995
id13215,0.8910408682238768,0.028307553660194114,0.08065157811592903
id15612,0.32933465909877746,0.41077424960842246,0.2598910912928002
id18501,0.20029115579359866,0.19123495659110978,0.6084738876152916
id07223,0.32825815197928326,0.42560928144326166,0.24613256657745514
id06707,0.9,0.05,0.05
id05238,0.21591560035448423,0.5929663056018428,0.19111809404367303
id00935,0.28255212581822975,0.26121313974184884,0.45623473443992135
id00110,0.7431253184886943,0.1432756930776794,0.11359898843362616
id17476,0.490636269786988,0.26586749623834577,0.2434962339746663
id15170,0.8870208473910111,0.06949956535196347,0.04347958725702545
id13397,0.35874075240082653,0.2662029032711682,0.3750563443280054
id24283,0.4167000543044467,0.2828644734948478,0.3004354722007055
id15234,0.573605186226181,0.2516535411505054,0.17474127262331374
id16884,0.38962206595180915,0.3094141603289506,0.3009637737192402
id07831,0.34657283704659037,0.4109951350431743,0.24243202791023544
id16038,0.532553341021964,0.25690161030019615,0.21054504867784
id03629,0.39023697744880503,0.28730585040307727,0.32245717214811764
id21019,0.4886233071145153,0.24822332139405312,0.2631533714914317
id21835,0.36537030709300833,0.29266469568217773,0.34196499722481394
id04480,0.27217889891326813,0.6577652203233064,0.07005588076342548
id20838,0.41308542982782853,0.33115115141058676,0.2557634187615847
id24195,0.42830817353461176,0.2906500747994016,0.28104175166598666
id05448,0.44881050356526137,0.2919591508959369,0.25923034553880187
id15957,0.15658954539618622,0.709301236790623,0.13410921781319088
id19956,0.25136963135753165,0.17028940635278458,0.5783409622896837
id15104,0.27960709374146336,0.3091464428816631,0.4112464633768735
id17559,0.3905856780406168,0.29466481607793793,0.3147495058814453
id16839,0.37970466955625526,0.2993959044962227,0.32089942594752213
id14493,0.401398953192564,0.2108161982923346,0.3877848485151015
id08833,0.42482996678650703,0.2404852746821574,0.3346847585313355
id15723,0.24269005847953215,0.25204678362573096,0.5052631578947369
id02716,0.49351133636433464,0.25467427949015553,0.2518143841455097
id06689,0.2789674035181971,0.486118480059188,0.23491411642261484
id18837,0.34601443388332626,0.304426536619166,0.3495590294975076
id04466,0.5033646470277906,0.2699586876657141,0.2266766653064951
id00686,0.46507380072324617,0.2669618359915148,0.26796436328523915
id09010,0.33452804994448837,0.5116792439575949,0.15379270609791676
id23353,0.4383704308936015,0.2928687491376621,0.26876081996873635
id00066,0.487581908575677,0.2349062487352559,0.27751184268906703
id15724,0.28762872069672546,0.45945162587187144,0.2529196534314031
id23486,0.3474800888224067,0.16171500998805086,0.49080490118954234
id22258,0.2970159811147535,0.2506945136329525,0.45228950525229394
id02292,0.37062861674350106,0.4587022023421241,0.17066918091437489
id16356,0.36578750744806154,0.22471987424647125,0.4094926183054672
id00235,0.5046872809259223,0.19854260532992948,0.29677011374414825
id25522,0.33144194941280825,0.19360752938192544,0.47495052120526643
id04204,0.05,0.9,0.05
id22016,0.3524904214559387,0.12452107279693485,0.5229885057471264
id06480,0.3640975746737394,0.3717206579808695,0.2641817673453911
id08718,0.05,0.05,0.9
id05251,0.2738790788791263,0.4889956378869879,0.23712528323388565
id03359,0.5079782971274777,0.27166984764143637,0.22035185523108586
id16117,0.033830942053189615,0.0002,0.9659690579468103
id17000,0.2640846243404926,0.5904906831665171,0.14542469249299017
id01730,0.37324379824575754,0.37886529629612514,0.24789090545811726
id00630,0.3677167574256113,0.3720987200019672,0.26018452257242153
id18175,0.30882917998665327,0.1961017009138229,0.49506911909952395
id00907,0.48777672818442247,0.2636554377409157,0.24856783407466182
id18251,0.32162151284546664,0.4862882351644485,0.19209025199008478
id25861,0.4435143288084464,0.28954248366013075,0.2669431875314228
id00398,0.4105605165913591,0.28776570453734845,0.3016737788712926
id27573,0.5738210242840776,0.1682894353340472,0.25788954038187534
id10022,0.05,0.9,0.05
id15901,0.32900409392809005,0.17450784226656754,0.49648806380534233
id00451,0.3058198457499862,0.2500557325859257,0.44412442166408805
id23129,0.22744436390570064,0.7723556360942994,0.0002
id26498,0.05,0.9,0.05
id14741,0.25137816204112895,0.5186934858641246,0.2299283520947464
id18453,0.3300528219088767,0.21371654285144936,0.45623063523967394
id08309,0.5111717675980295,0.22048282935699984,0.2683454030449707
id00320,0.502924850130725,0.24683796503439212,0.25023718483488294
id07688,0.303440164786711,0.2263424247121432,0.47021741050114574
id01556,0.34233866692965315,0.1982826126346656,0.45937872043568123
id00178,0.4176556681247839,0.10608894720905596,0.47625538466616024
id18902,0.29658515930105905,0.22986514736477043,0.47354969333417046
id27002,0.4731185907936352,0.29221952703187337,0.2346618821744913
id21418,0.649931278596175,0.21600993595670132,0.1340587854471237
id23018,0.5381185054582286,0.17140432156656787,0.2904771729752035
id07032,0.35935830625389503,0.31946363775192943,0.32117805599417554
id16195,0.5135704430053144,0.1970253829851991,0.2894041740094865
id11202,0.2965607602986899,0.4258152338468668,0.2776240058544433
id09578,0.40733188904464546,0.2304926629190679,0.36217544803628654
id26984,0.5426725656479233,0.11102724687645482,0.34630018747562186
id19856,0.2165851537753274,0.7832148462246726,0.0002
id12086,0.4554271875867966,0.2235914112050465,0.3209814012081569
id12052,0.17136363636363636,0.25181818181818183,0.5768181818181818
id17728,0.0002,0.004484144986709256,0.9953158550132908
id24608,0.45388372299303115,0.2353435201706,0.3107727568363688
id21097,0.33160007104835465,0.2937281199187766,0.37467180903286873
id20179,0.05,0.05,0.9
id15144,0.33474492423964897,0.4473187613024408,0.21793631445791023
id00206,0.43925307361858734,0.2864834008000253,0.2742635255813872
id22285,0.016072913618113444,0.0025900060249420963,0.9813370803569446
id06417,0.26254580185037923,0.45371211334333234,0.28374208480628854
id00215,0.05,0.9,0.05
id04201,0.3267864644159282,0.21579911271270072,0.45741442287137113
id21771,0.8131319110240323,0.12935975468489805,0.05750833429106966
id12451,0.26922528098358833,0.37108505774496264,0.359689661271449
id14250,0.29513590217542024,0.39601365291370894,0.30885044491087077
id03433,0.22209474079280977,0.6082576621855951,0.16964759702159507
id03303,0.25233422860288535,0.22695241165390423,0.5207133597432105
id25901,0.38080656726385637,0.34625535538078966,0.27293807735535397
id06945,0.4637121113821564,0.1964923402223357,0.3397955483955079
id05664,0.29962474120082816,0.39480891994478956,0.3055663388543824
id05741,0.49233848229412214,0.2314980720397453,0.2761634456661326
id10652,0.41014531761522655,0.2659262658652704,0.32392841651950305
id16300,0.4652671712416181,0.2450911395128086,0.2896416892455732
id12319,0.3442003012477416,0.3211897852142811,0.3346099135379772
id07500,0.3277807605301275,0.47383633473057246,0.19838290473929998
id12478,0.28048894186906054,0.3587116494962074,0.36079940863473203
id03076,0.3074596667640944,0.14514358766706295,0.5473967455688428
id00969,0.2841818044544845,0.4922841330981858,0.22353406244732965
id23636,0.27338666929478783,0.3719362108083222,0.3546771198968901
id09791,0.05,0.05,0.9
id05680,0.3168305732519012,0.3491183669618309,0.3340510597862679
id03672,0.3595555423437817,0.39532316341779605,0.2451212942384222
id04286,0.05,0.9,0.05
id23883,0.2507869104144838,0.3549637034416609,0.3942493861438553
id11914,0.46410763833893554,0.19988728155852387,0.3360050801025406
id20974,0.05,0.9,0.05
id26125,0.0002,0.17321067295715625,0.8265893270428438
id15543,0.3762410829039831,0.24169884674411554,0.38206007035190126
id19471,0.940165945466858,0.038673089537188114,0.021160964995953813
id11503,0.46333371965949405,0.3107740558670863,0.22589222447341964
id09321,0.05,0.9,0.05
id25560,0.05,0.05,0.9
id06726,0.3647710104882664,0.37168836238124087,0.26354062713049264
id05709,0.4918117856765286,0.25203120991482914,0.2561570044086422
id09788,0.30690126143923024,0.341979390192784,0.35111934836798575
id05289,0.6677185943361554,0.16306394234174995,0.16921746332209464
id11815,0.26411110300129353,0.5217897668300707,0.21409913016863594
id22422,0.5997200263504611,0.23246047430830039,0.16781949934123844
id25954,0.7206030713281656,0.09503809799277506,0.18435883067905948
id13601,0.36072818347408514,0.41920226858751447,0.2200695479384004
id05677,0.4463334884724883,0.17388731885651693,0.3797791926709947
id10498,0.05,0.9,0.05
id02665,0.37757968756185684,0.3782003771234681,0.2442199353146752
id10114,0.17725996744091,0.562121931856304,0.2606181007027861
id26314,0.42377711274302693,0.308524398895821,0.26769848836115195
id21240,0.4496182154585431,0.5501817845414569,0.0002
id15569,0.40135260165127,0.34508370247630743,0.2535636958724226
id25928,0.3727889801376866,0.24276881534327172,0.3844422045190416
id22706,0.33429318711707123,0.4787094344687693,0.18699737841415953
id20877,0.31385753211647144,0.429887685065572,0.2562547828179565
id04318,0.9,0.05,0.05
id18299,0.24472160360761727,0.5221254382664227,0.23315295812595999
id08126,0.35066252613672366,0.14625269680403163,0.5030847770592447
id14293,0.2834989606035721,0.1648395781945849,0.5516614612018429
id12759,0.6071398573807519,0.20290791946341916,0.18995222315582877
id11983,0.35670133145501676,0.24478334023839665,0.3985153283065866
id05580,0.33764679653385826,0.3761373586700397,0.28621584479610196
id25846,0.3423116142023559,0.3544916977077825,0.3031966880898616
id01939,0.3765014511816455,0.24881326868691375,0.3746852801314407
id26327,0.2613000682511197,0.3821252517340554,0.3565746800148249
id11068,0.3089618944650156,0.22280654804675973,0.46823155748822465
id08404,0.4824827549430903,0.1985429561776433,0.31897428887926643
id27189,0.4087948998354013,0.3680545236196064,0.2231505765449923
id15119,0.05,0.9,0.05
id26525,0.5637417671031116,0.21561659628886518,0.2206416366080232
id03618,0.45234354232109714,0.31689815269095584,0.23075830498794705
id27220,0.646226353683141,0.2720300949141619,0.08174355140269716
id18777,0.24837767683322515,0.16401687216093444,0.5876054510058403
id20213,0.4820473496693009,0.2900680507387825,0.22788459959191673
id20403,0.44657937879206566,0.27715778053427037,0.276262840673664
id03777,0.4280524141433021,0.0002,0.571747585856698
id10595,0.25879157733487956,0.47594173409181084,0.26526668857330954
id13816,0.34820551653090637,0.17369781806697554,0.47809666540211804
id05667,0.36376099913857357,0.2587830779965821,0.37745592286484425
id24629,0.3964673154572333,0.22089068810027557,0.3826419964424912
id20398,0.30417570151222967,0.30376119408233354,0.3920631044054367
id14108,0.3006739217929514,0.19217227210978644,0.5071538060972621
id06196,0.3012889215366962,0.4831355868450399,0.21557549161826406
id02800,0.3494489669173747,0.35992515732532887,0.2906258757572964
id18732,0.3330676541352437,0.44993204282340715,0.21700030304134899
id11915,0.32603698618884647,0.4034300357619196,0.2705329780492338
id09739,0.4577382143980122,0.26242126606771665,0.2798405195342711
id24672,0.5166245361344385,0.2565821309746541,0.22679333289090736
id00414,0.2567223965366172,0.31787691485786795,0.42540068860551483
id16307,0.9,0.05,0.05
id14043,0.3386691664298807,0.26757293068534976,0.39375790288476953
id00517,0.21138482646476797,0.24462463886446129,0.5439905346707706
id09744,0.6188299337556269,0.24251288049156236,0.13865718575281083
id19257,0.578408219576856,0.214374062850836,0.20721771757230825
id15437,0.4336337261510956,0.34235327554980205,0.22401299829910237
id16352,0.27249746307205125,0.2334374021577506,0.49406513477019826
id18849,0.4003908250599316,0.27768528475944154,0.32192389018062695
id19434,0.131634071639108,0.7055862214350814,0.16277970692581065
id17928,0.3797325938937013,0.19778360926200883,0.4224837968442899
id16896,0.3114941415477772,0.18459482640476296,0.5039110320474597
id02135,0.47047443977591036,0.2713220704948646,0.258203489729225
id15075,0.513822249545092,0.2527985439525845,0.2333792065023233
id27486,0.05,0.9,0.05
id19422,0.4677651511062405,0.27828178544178817,0.2539530634519713
id09603,0.2564995339815919,0.4953019399259807,0.2481985260924274
id02133,0.05,0.9,0.05
id03441,0.46547141232828565,0.2506186560156712,0.28390993165604317
id02398,0.05,0.9,0.05
id05152,0.34830559440892184,0.2191333791754305,0.4325610264156476
id17838,0.34100076139030094,0.1349450531048321,0.5240541855048668
id25060,0.9841869006858535,0.015613099314146488,0.0002
id09998,0.1469018119852281,0.0002,0.8528981880147719
id01828,0.15506234901869717,0.8447376509813028,0.0002
id25377,0.3775367497911126,0.21473882128401095,0.40772442892487637
id22175,0.3255247307617809,0.4731070502963522,0.2013682189418671
id02974,0.44654175954911,0.04358667093243987,0.50987156951845
id26955,0.5965812797679816,0.22890618001778062,0.17451254021423782
id21091,0.4769314179895117,0.27067922106458475,0.2523893609459035
id12802,0.6557289396322385,0.19070739845938467,0.1535636619083768
id07432,0.16518564783378858,0.8155563862887871,0.0192579658774243
id18749,0.36013707606020584,0.3104169938206735,0.32944593011912066
id15030,0.05,0.05,0.9
id17155,0.4719697424641983,0.5278302575358016,0.0002
id08128,0.2250818822318364,0.47266707248113665,0.30225104528702684
id25706,0.20362848298335304,0.47821131408116385,0.3181602029354831
id15645,0.4410197225202093,0.27835692830891556,0.2806233491708752
id04943,0.36019411530276896,0.39010372173056806,0.2497021629666629
id27566,0.3305229499053182,0.26879062326551056,0.4006864268291711
id11765,0.3852653145924613,0.29169272708514876,0.32304195832238997
id13783,0.2726542980828695,0.43870006184291893,0.2886456400742115
id00492,0.26391493457029724,0.2693899353210804,0.4666951301086224
id27636,0.05,0.05,0.9
id04273,0.4681399432807074,0.2593410908416153,0.2725189658776773
id02537,0.2854111405835544,0.30223569533914363,0.412353164077302
id24349,0.40718880230276244,0.34143694322315576,0.2513742544740817
id00023,0.05,0.9,0.05
id23025,0.3525020093395572,0.395723158183536,0.25177483247690674
id08722,0.5389133455853932,0.20331432176933745,0.2577723326452695
id02420,0.791544958149092,0.1221569601353522,0.08629808171555585
id10811,0.513321326395237,0.21925392732881083,0.26742474627595214
id04019,0.293810406785599,0.2925917658458248,0.41359782736857614
id18334,0.5578085040474103,0.23826873201856383,0.20392276393402578
id16781,0.5357142857142857,0.4285714285714285,0.03571428571428571
id08773,0.3609454156814392,0.4135439358574108,0.22551064846114988
id19214,0.4084185050028538,0.3318088637514172,0.259772631245729
id09589,0.05,0.9,0.05
id24246,0.41498516225063303,0.27141088207167763,0.3136039556776894
id23577,0.5541698018722424,0.42639540149545013,0.019434796632307374
id09305,0.5161652529715862,0.19067341804699775,0.2931613289814159
id16460,0.3933484431998863,0.26898470210227426,0.3376668546978394
id21115,0.3690432385456419,0.31852759710309486,0.3124291643512631
id25996,0.42221392569202554,0.20202650097116873,0.37575957333680565
id02551,0.13691496335679434,0.1650332144137277,0.6980518222294779
id19352,0.2898302446694045,0.1431281439348617,0.5670416113957338
id03806,0.35600408109122683,0.19277007495772172,0.4512258439510515
id26544,0.4501713811326333,0.27446077965546917,0.27536783921189756
id18761,0.4790185307537862,0.2448066129113747,0.27617485633483907
id24148,0.0002,0.7390169157649916,0.26078308423500846
id16095,0.3203286962575354,0.415335136464666,0.2643361672777985
id18442,0.3911815622241288,0.28158766406230074,0.3272307737135704
id22596,0.0002,0.0007731744518149128,0.9990268255481851
id23002,0.24032652364775778,0.2231460835998041,0.5365273927524381
id04797,0.6270595403523814,0.17103379669484622,0.20190666295277224
id06610,0.34533141343845875,0.24311661305518278,0.41155197350635847
id16173,0.41876430205949655,0.39530892448512583,0.18592677345537756
id18292,0.35591450936952157,0.2538659789360672,0.39021951169441116
id27328,0.9,0.05,0.05
id01695,0.05,0.9,0.05
id05761,0.4815049031381144,0.19045432274249238,0.32804077411939325
id16354,0.5157105410827661,0.23332770905016773,0.25096174986706626
id12207,0.05,0.9,0.05
id05665,0.1341597997383815,0.08242136719641606,0.7834188330652024
id01911,0.9,0.05,0.05
id19153,0.04547721393765273,0.012306568513040744,0.9422162175493065
id10295,0.37295300217400307,0.3273702010391651,0.29967679678683184
id23038,0.502498746142791,0.26490260463699244,0.2325986492202165
id23783,0.42191591628136715,0.4486862786711242,0.12939780504750867
id27879,0.47019434958688205,0.28413180387600523,0.24567384653711277
id19190,0.07842420235813234,0.9213757976418677,0.0002
id05065,0.5715320450019914,0.23088951077502487,0.19757844422298368
id21296,0.30573586863207647,0.4719328052052079,0.22233132616271556
id13262,0.32776461294762455,0.28775249273076636,0.38448289432160904
id10333,0.5768904049189768,0.0002,0.42290959508102316
id16677,0.2372889489361345,0.2935312660768211,0.4691797849870444
id01392,0.4022497889003627,0.21051386042353593,0.38723635067610146
id27874,0.591583490693283,0.2422444024817912,0.1661721068249258
id02294,0.05,0.9,0.05
id18298,0.26889567553524985,0.2687145857328086,0.46238973873194156
id06997,0.8343096639172973,0.0002,0.16549033608270272
id05243,0.39550210294672977,0.3528637186348425,0.25163417841842783
id00860,0.1948085486499291,0.7084339534136601,0.09675749793641081
id26681,0.9,0.05,0.05
id06020,0.05,0.05,0.9
id27683,0.37466375258990936,0.2724031651824594,0.35293308222763126
id17655,0.18275023653415703,0.7622262923018083,0.05502347116403463
id08817,0.30906618729564117,0.2659386579601822,0.4249951547441766
id11512,0.24673473701423995,0.2638137205795127,0.4894515424062473
id00478,0.3043620479502122,0.22368942375086226,0.4719485282989255
id02116,0.476775421052705,0.23535126180551028,0.2878733171417847
id06746,0.516563430662495,0.26647096157769384,0.21696560775981122
id03863,0.474946977730647,0.3634676564156946,0.16158536585365857
id01802,0.30360995497330917,0.4040168446547906,0.29237320037190023
id11682,0.43661706017772234,0.20582767274735497,0.3575552670749228
id04033,0.07223569225675247,0.9275643077432475,0.0002
id09286,0.3610569708686224,0.3084804158690838,0.33046261326229376
id12904,0.6262087482767164,0.20060396046653978,0.17318729125674379
id07420,0.05,0.05,0.9
id22398,0.05,0.9,0.05
id00424,0.33643250267107316,0.2353807702697573,0.42818672705916944
id20960,0.9,0.05,0.05
id10267,0.45446456746930103,0.34341428277423347,0.2021211497564657
id19330,0.40861525992228137,0.1989846162915167,0.3924001237862018
id00994,0.05,0.9,0.05
id10785,0.473345259391771,0.2504227125157358,0.27623202809249325
id00955,0.13531929588952898,0.7557862990841002,0.10889440502637085
id09757,0.23583724927152724,0.6035073404311397,0.16065541029733313
id10030,0.27156862745098037,0.14215686274509806,0.5862745098039216
id22952,0.06457520395308558,0.01994262051627292,0.9154821755306415
id21955,0.02488485747597677,0.027909602555850534,0.9472055399681727
id07674,0.43263212078906554,0.2728206584212667,0.2945472207896677
id13760,0.3248432495597704,0.4724123689115664,0.20274438152866328
id18166,0.44014237215298513,0.26495655297680953,0.2949010748702054
id23498,0.5834101341419377,0.3023791236661267,0.11421074219193562
id05296,0.8998926316883843,0.07014064222003273,0.02996672609158295
id26709,0.9,0.05,0.05
id02853,0.5724381861000856,0.2507694822324125,0.17679233166750175
id06800,0.35843938311666007,0.28411680560351205,0.3574438112798278
id14758,0.2997950318941269,0.4394633366414694,0.26074163146440366
id12356,0.5219408744656161,0.28596362465127595,0.192095500883108
id21492,0.5193394492275335,0.28809042423548537,0.19257012653698113
id27540,0.3953359383843177,0.22079012251805852,0.38387393909762374
id07376,0.3554189519581061,0.3690969681662851,0.2754840798756088
id15201,0.45402832472078775,0.3264870825274071,0.21948459275180526
id23388,0.3560640454572316,0.3907459499949468,0.25319000454782165
id13923,0.3135427908737258,0.41797373993758646,0.2684834691886878
id00794,0.0002,0.7899762909680756,0.2098237090319244
id23910,0.40719940070000427,0.2855843645736074,0.30721623472638826
id02556,0.20054855770201252,0.31818129823640634,0.4812701440615811
id22151,0.2188729984487082,0.690291560285108,0.09083544126618376
id11698,0.29578387089564767,0.38605017044453044,0.3181659586598219
id11627,0.3378720238969047,0.3114355026225739,0.35069247348052135
id06340,0.9935762941278544,0.0002,0.0062237058721456495
id05123,0.5285267331239117,0.24638216449351635,0.22509110238257185
id26620,0.05,0.05,0.9
id04002,0.3000413022699914,0.31126382742441433,0.3886948703055942
id26554,0.386573265108738,0.33505243040911586,0.2783743044821461
id18012,0.31777770110078196,0.2767191201753666,0.40550317872385133
id12964,0.2577810582591781,0.23386980388858172,0.5083491378522403
id18965,0.10460021176168761,0.1482521020579149,0.7471476861803975
id19082,0.32789319347762896,0.23101866429884949,0.4410881422235215
id26742,0.3362631760944698,0.20076921342685852,0.4629676104786716
id15442,0.2871857953027338,0.5054606756196909,0.20735352907757545
id16647,0.37668758723393647,0.2793877891181895,0.343924623647874
id11544,0.32067898970084113,0.19361345722379253,0.4857075530753663
id20581,0.33103280037598665,0.3028963974758367,0.36607080214817667
id13192,0.3858310932362898,0.31353650722105625,0.30063239954265414
id15814,0.3618298356484323,0.2965722530488678,0.34159791130269995
id26279,0.3039937866248631,0.5313802267508922,0.16462598662424474
id00240,0.769496855345912,0.09213836477987421,0.13836477987421383
id22836,0.9,0.05,0.05
id15085,0.3292414179916381,0.33357622270508563,0.33718235930327634
id17495,0.39635560041506934,0.13954162057371436,0.46410277901121627
id26762,0.3344208427262101,0.33017400599832714,0.3354051512754629
id13685,0.9448687249073354,0.03152125231707816,0.02361002277558638
id16560,0.29423424945956084,0.5191906168590696,0.1865751336813697
id17184,0.05,0.9,0.05
id21635,0.5022724863409473,0.24643776573447393,0.2512897479245787
id26751,0.31838403898147155,0.4173025911398122,0.26431336987871634
id12351,0.48622926203717975,0.23308037980945281,0.2806903581533674
id14872,0.47147335423197495,0.28390804597701147,0.24461859979101358
id18372,0.46324375600810375,0.2911149951789171,0.2456412488129791
id26851,0.4573814141282098,0.2692684254924055,0.27335016037938464
id22659,0.6641600404058013,0.31078236504014595,0.025057594554052626
id04102,0.05,0.05,0.9
id02353,0.31473277056385485,0.43959672801554084,0.24567050142060431
id26721,0.5474350887767925,0.24921764612324807,0.20334726509995957
id11171,0.5886106694930224,0.15169581346051936,0.25969351704645827
id13562,0.2875375375375376,0.4473896973896974,0.2650727650727651
id26425,0.4845828191416427,0.21403265851795264,0.3013845223404047
id26394,0.3676559554182217,0.2745745030542902,0.35776954152748813
id22187,0.24929418407679277,0.6104523495827843,0.14025346634042285
id00422,0.9,0.05,0.05
id22667,0.05,0.9,0.05
id00911,0.4892483942095676,0.3005615657470705,0.2101900400433619
id17291,0.3743444385681609,0.2675961088146595,0.3580594526171795
id01915,0.3444891620309135,0.30379510395223996,0.3517157340168464
id01434,0.05,0.05,0.9
id01584,0.482175383814728,0.16263335935467083,0.3551912568306011
id09266,0.9,0.05,0.05
id17494,0.05,0.9,0.05
id24919,0.21314523184601925,0.3369422572178477,0.44991251093613294
id21043,0.40421259572143015,0.19929426721839058,0.39649313706017936
id17796,0.27515883787933487,0.5236235559563531,0.201217606164312
id02166,0.5501089036297537,0.44969109637024635,0.0002
id17503,0.8325526665111417,0.013510874487686737,0.15393645900117148
id21203,0.32733585858585856,0.2635732323232323,0.409090909090909
id25626,0.5281822836193139,0.21936092674036906,0.2524567896403169
id09836,0.9930044181183866,0.0002,0.0067955818816134664
id24202,0.27011188159552774,0.2852664974813073,0.444621620923165
id27260,0.05,0.05,0.9
id23167,0.05,0.05,0.9
id10393,0.05,0.9,0.05
id01171,0.4767324640529055,0.3045677904799608,0.21869974546713392
id06380,0.46049677928186705,0.2874593683023819,0.25204385241575106
id22686,0.32231288455657864,0.15269740591280712,0.5249897095306141
id26250,0.31355878537408405,0.19772668759416476,0.48871452703175117
id09315,0.35275938371239396,0.39345240148823374,0.2537882147993723
id00886,0.3459173347982139,0.6538826652017862,0.0002
id03101,0.9,0.05,0.05
id12367,0.4264115251900723,0.2534369916338443,0.3201514831760834
id10770,0.4444509206809739,0.24049149358324892,0.3150575857357773
id14949,0.05,0.9,0.05
id14141,0.33953572673601345,0.3997750260047608,0.26068924725922576
id25417,0.3348083590365175,0.35457370479712,0.31061793616636235
id26873,0.3729858900609326,0.2563818203927825,0.3706322895462849
id10818,0.3431034999364751,0.24560114693614438,0.4112953531273804
id15146,0.5236411667097841,0.2177413821409582,0.2586174511492578
id23328,0.551712223584807,0.21090628230579578,0.2373814941093971
id16765,0.05,0.05,0.9
id24383,0.44720989442416487,0.24461760568764038,0.3081724998881947
id21304,0.37999209459733374,0.3276308622861255,0.29237704311654067
id12551,0.29643695392897246,0.46684492500741515,0.23671812106361237
id23274,0.30072274764708984,0.27780208976609905,0.4214751625868112
id08117,0.42734691806061414,0.18940980546654748,0.3832432764728383
id23961,0.47260283118065527,0.2758031626689513,0.25159400615039335
id13865,0.260367864243353,0.49103816771584885,0.24859396804079828
id22807,0.3886729406512456,0.21756666730309912,0.3937603920456554
id08951,0.33017921842861836,0.24051005160236194,0.42931072996901964
id18684,0.5859908021454889,0.22217211038067156,0.19183708747383943
id25179,0.308677662223243,0.3860170030945792,0.30530533468217785
id27033,0.42532520361040677,0.2633564524431527,0.31131834394644065
id13977,0.4615885736310242,0.4685342898948197,0.0698771364741562
id19337,0.05,0.9,0.05
id25764,0.3057443305434225,0.42418873458922984,0.2700669348673477
id16106,0.34569012439793423,0.2910402625606309,0.3632696130414348
id05468,0.05,0.05,0.9
id05241,0.6901023226692861,0.30969767733071396,0.0002
id10215,0.3361839006012069,0.3777178762151566,0.2860982231836366
id23457,0.27758108450217067,0.22513361296708223,0.49728530253074704
id02200,0.9,0.05,0.05
id13714,0.35399232336266817,0.3720990007110574,0.27390867592627444
id20332,0.05,0.05,0.9
id18573,0.16367042498788498,0.12918434789015668,0.7071452271219583
id08569,0.42494936342322387,0.2602787496737412,0.3147718869030349
id22767,0.41925571534936,0.3145924548134084,0.26615182983723173
id25390,0.2565599920677531,0.5751493894162223,0.1682906185160247
id09288,0.6143827905783864,0.16620111831527387,0.21941609110633958
id12381,0.5517136838283145,0.22143059552907807,0.22685572064260717
id02895,0.3819252387126109,0.27664886818885637,0.34142589309853266
id25270,0.32318348784118794,0.2128019919325346,0.46401452022627737
id14248,0.336734693877551,0.26700680272108845,0.39625850340136054
id12831,0.35851266325338405,0.09790498677816288,0.5435823499684531
id18305,0.39014511586928674,0.24713026747800376,0.3627246166527096
id07805,0.9,0.05,0.05
id14027,0.05,0.05,0.9
id02760,0.3049805768642459,0.31193819963824637,0.3830812234975078
id24362,0.5202000311296707,0.24415756843983852,0.2356424004304908
id17065,0.3876878769722376,0.3893312299621842,0.2229808930655781
id26583,0.25582096407489635,0.35397311034071655,0.39020592558438705
id19664,0.6719493929040656,0.1814953386201667,0.1465552684757677
id25145,0.5968132914277345,0.16772700983227298,0.2354596987399925
id17858,0.30960650604739814,0.4656874199297049,0.22470607402289683
id05148,0.33220865432812496,0.35100337616910504,0.31678796950277
id22928,0.4117928205893223,0.29998043943612407,0.28822673997455356
id21549,0.4152274550360047,0.2036237913244682,0.381148753639527
id12649,0.32848523307312016,0.47909930983844795,0.19241545708843188
id21597,0.4283950016228497,0.25268662771827327,0.318918370658877
id27945,0.4370239470427147,0.28246889497595806,0.28050715798132714
id00243,0.5779534533529785,0.19014691178130383,0.23189963486571763
id02745,0.4501090593698487,0.15309548536497616,0.39679545526517523
id23550,0.23718611612268328,0.13747129735935706,0.6253425865179596
id13023,0.061437577436639836,0.024789344551558946,0.9137730780118012
id24796,0.6577231612092305,0.08040147128532402,0.26187536750544566
id12284,0.32791776768960074,0.4129465014681727,0.25913573084222663
id02664,0.05,0.9,0.05
id23767,0.49208789255163404,0.2672270809754937,0.24068502647287232
id05859,0.461811219279938,0.14797383985919849,0.39021494086086345
id14350,0.42494856642078643,0.16174906097477684,0.41330237260443675
id01191,0.45157011538894987,0.4989425874019705,0.04948729720907974
id17034,0.25339106086346724,0.10544060862843356,0.6411683305080992
id25292,0.4816901065106433,0.27094191323290484,0.2473679802564519
id22121,0.9,0.05,0.05
id20872,0.8108763206960845,0.08943443132380359,0.09968924798011188
id17720,0.05,0.9,0.05
id22658,0.3505484479190376,0.45793337374000087,0.19151817834096155
id09567,0.36922398449740046,0.3792424924090301,0.2515335230935694
id16445,0.4767681755008944,0.25318748711605854,0.27004433738304706
id08349,0.30898701969532244,0.6764847043311601,0.014528275973517394
id27437,0.31604218860348415,0.42383535283400237,0.2601224585625135
id03812,0.5856697772446007,0.20963834452761954,0.20469187822777984
id22304,0.48562431579728865,0.2891135326027963,0.22526215159991494
id04449,0.3447707879955234,0.38198876243076285,0.27324044957371374
id15605,0.45149921581324903,0.20992694834361056,0.3385738358431403
id01768,0.3910553628064212,0.2394368238672935,0.3695078133262852
id20019,0.3223123318566463,0.4145786662012036,0.2631090019421501
id09593,0.05,0.9,0.05
id23179,0.4154521233304658,0.19343047436578628,0.39111740230374803
id21279,0.5055088183101462,0.2922440833623999,0.20224709832745397
id06711,0.0002,0.004338904519283942,0.9954610954807162
id14243,0.06402918210348649,0.9039523322340105,0.03201848566250309
id04839,0.05,0.05,0.9
id17220,0.2204792903735755,0.48092523683088084,0.29859547279554377
id24177,0.9,0.05,0.05
id20512,0.2923327404144091,0.25158151953241487,0.45608574005317604
id14036,0.05,0.9,0.05
id25001,0.2683496745618578,0.2696798513943883,0.4619704740437538
id06175,0.05,0.9,0.05
id24720,0.3886173944654866,0.37763353926774484,0.23374906626676847
id08070,0.8793483438817619,0.10988204222097135,0.010769613897266698
id18934,0.5164687121828966,0.26824283878767696,0.21528844902942662
id01338,0.5459659550526917,0.15841965645348124,0.2956143884938269
id19008,0.2821935283304807,0.44279406773155056,0.2750124039379687
id19632,0.3351697019401584,0.36713891596416687,0.29769138209567475
id26224,0.11446967332132246,0.07636579793852435,0.8091645287401531
